02008321
02076601
03226561
04614621
05144440
05444470
05721110
05809921
05981530
06063320
06064900
06102010
06140950
06272990
1003231
1004
101091
1013391
1014031
1017921
1019441
1020071
1020241
1022581
1023391
1024571
1024741
102620
102691
1026981
1028356
1028381
102981
1031131
1032821
1032981
1035276
1035371
1035381
1035746
1038051
1038061
1038126
1039491
1039941
1041011
104180
1044211
1044351
1045941
1046501
1047276
1047281
1048441
1049656
1051276
1051456
1051941
1054541
1054971
1055271
1055451
1057936
105809
1059271
1059696
1060121
1060761
1061021
1061531
1064411
1064901
1066576
1066661
1066711
1067011
1067361
106880
1068981
1073251
1073871
1074041
1074581
1075851
1076651
1078921
1079361
1079771
1081911
1082626
1083341
1083621
1084081
1084691
1084956
1086321
1088751
1089716
1089861
1090281
1090331
1093381
109350
1095421
1095696
1097961
1098171
110099
1102241
1103401
1104081
110454
1106601
1107041
1107451
1109671
1110401
1110711
1111096
111120
111251
1112836
1114851
1115291
1116401
1116601
1117131
1117646
1120241
1121551
11216
1122361
1122426
1123041
1123151
1123771
1124026
1124831
1125631
1126021
1126761
112766
112906
1131291
1131681
1132286
1133231
1133281
1134411
113644
1137581
1137656
1139201
1139441
1139591
1139611
1141831
1145231
1145651
114681
1148676
1148881
1151036
1151101
115240
1156956
1157886
1159061
1160381
1160411
116060
1160911
1161621
1162411
1162826
116395
1164561
1164766
1165151
1166271
1167181
1168721
1169771
1169811
1171681
1172766
1173281
117330
1173521
1173551
1174011
1174201
1175371
117698
1177251
1178661
1179401
1179431
1180116
1181501
1182326
1182716
1182761
1183161
118330
1184051
1184581
1185131
1187181
1188561
1190041
119035
1192301
1192486
1194626
1195971
1196001
1196541
1197391
1197651
119766
1198001
1198206
1198526
1199431
120176
1203521
1205151
1207011
1207421
1207431
1210906
1211151
1211516
1211691
121192
1214131
1215461
1216721
1216901
1217686
1217751
1218191
1219271
121995
1221351
1222766
1222911
1224071
1224251
1224281
1224321
1224666
1225581
122581
1226121
122655
1227551
1227651
123013
1230996
1232901
1233001
123410
1234401
123516
1236231
1239781
1241366
1241941
124550
1246581
1246651
1246711
1247561
124771
1248301
1248941
1250951
1251621
1251666
1253981
125441
1257641
125817
1258271
1258421
1260501
1260956
1260971
1261131
1261486
126232
126584
1266301
1266891
1267136
1267781
1269041
1269216
1273281
1273436
1275091
1275291
1275331
1278396
1279081
1279486
1280511
1282231
128271
128274
1283481
1283971
1284331
1285716
1286361
1287431
1288781
1288791
1292206
129322
1293631
1293861
1294541
1297141
1297681
1300151
1300301
130043
1300911
1301861
130209
130211
130369
130385
130414
130435
130444
1305366
130622
1306791
1307181
1307201
130837
130865
1308751
1308771
130888
1308991
131074
131086
131087
131089
131094
1311081
1313311
1314291
1315761
1315921
1316411
1318141
1319631
1319671
1323321
1323491
132440
132516
1327981
1328131
1328411
132851
1329496
132961
1330021
1330656
1331171
1332276
1332631
1332711
1332721
1333971
1334986
1335031
1336141
1336226
1337491
1337631
1339921
1339966
1340951
1341661
1343081
1346076
1348071
1349851
1350171
1352191
1353921
1355146
135805
1358151
1358161
1358576
136056
136188
1362181
1362216
1362461
136283
1363231
1363901
1365061
1365071
1365771
1367001
1368611
1371771
1373131
1374961
1378781
1378906
1379301
1380161
1380681
1381421
1383421
1386071
1386301
13876
13881
138875
1389701
139008
1391201
1392551
1392731
1393381
1393971
1397386
1400041
1405521
1406101
140631
1407026
1410056
1410121
1412246
1414681
1416911
141781
1418551
1418751
142080
142084
1421331
1422856
1424611
142702
1428271
1428356
1428761
1432471
1434916
1435211
1435356
1436621
1439101
1439901
144091
1441071
1441946
144250
1444071
1444111
1445411
1446711
1450611
1451151
14531
1453171
1453821
1453991
1454251
1455841
1456516
1457521
1458431
1460071
1461411
146280
1462901
1463051
1463281
1463511
1463761
1463846
1464221
1464691
1466471
1467051
1467111
1467761
1468681
1470781
1471591
1471911
1472631
1473036
1473091
1473476
1473566
147384
1476551
1479961
1480281
1480631
1481561
1482531
1486021
1486321
1489211
1489561
1490731
1491826
1492661
1493701
1498541
1498641
150059
1501046
1501816
1501861
1504831
1505701
1505721
1506316
1507951
1508431
1508741
1510421
1511151
1511811
1511861
1512601
1512926
1513321
1514991
1516111
1516681
1518051
1518301
1518971
1519741
1520321
1520371
1520481
1521631
1522291
1523161
1523191
1523721
1523731
1524766
1527031
1527641
1528321
1530951
1532851
1534661
1534896
1539026
1539526
1540281
1540381
1542041
1543436
1543511
1544831
1546131
1548731
1551941
1552756
1553386
1553541
1553721
1555201
1556651
1557721
1560981
1561591
1566576
1567501
1568781
1570001
1570501
1571291
1571801
1572691
1573131
1573421
1575131
1576051
1576146
1576621
1577186
1577751
1578256
1578676
1578986
1578991
1579171
1580566
1589901
1589981
1591371
1591451
1592811
1593491
1593711
1593791
1594311
1596186
1596291
1596831
1600206
1600436
1602671
1604301
1604431
1604831
1606401
1606571
1607241
1607401
1608331
161070
161333
1613931
1614621
1615071
1616471
1617191
1621056
1621471
1621761
1623826
1625481
1625796
1626391
1627321
1628031
1628706
1630681
1630951
1631726
1631851
1634581
1638761
1639941
1640511
1643931
1644691
164682
1648006
1648111
1648411
1648676
1649841
1650031
1651626
1652561
1654376
1654511
1654611
1654641
1654651
1655861
1655911
1657716
1658571
1658781
1660721
1660741
1660751
1661591
1662661
1664381
166475
1665191
1669101
1670381
1671296
1671561
1671591
1671611
1673171
1674336
1674931
1675311
1675511
1675621
1676541
1677341
1678411
1678451
1678566
1680401
1680771
1680831
1682561
1683286
1683621
1684101
1686241
1687311
1688561
1688771
1688911
1689606
1689881
1690131
1690181
1690641
1691821
1692171
1693211
1694511
1694616
1695131
1695791
1696341
1696911
1697351
1697411
1699181
1699581
1700661
1700791
1701396
1701421
1701451
1703081
1705531
170607
1707231
1710266
1710731
1710861
1713811
1717061
1717811
1717931
1718291
1718361
1718941
1719341
1722331
1723861
1724101
1724131
1726246
1726871
1728711
172922
1729931
1731681
1732241
1732541
1732861
1734491
1734581
1739721
1739811
1741041
1741771
1741801
1742611
1742661
174371
1746021
1746301
1750071
1751211
1753191
1753271
1753381
1754041
1755661
1755811
1755891
1759291
1759861
1760101
1760956
1767301
1768391
1768411
1768816
1770591
1771881
1774261
1775811
1776321
1776876
1777171
1777826
1778411
1778451
1778551
1778591
1779391
1780891
1781056
1782131
1782361
1783206
1783516
1784631
1784766
1784796
1784881
1785751
1788401
1788881
1790481
1790491
1791191
1792601
1794201
1795271
1796611
1796641
1798726
1800481
1801241
1801521
1802031
1802051
1803001
1803981
1805811
1806361
1806416
180740
1808931
1809591
1810391
1811931
1811941
1812836
1812871
1813111
1814501
181481
1816211
1816451
1817271
1817861
1818321
1819081
181995
1824441
1826401
1826881
1828591
1830741
1831531
1832986
1834701
1835191
1836576
1837821
1838071
1840121
1841421
1841971
1842206
1842631
1844061
184578
1847301
1847341
1847401
1847541
1850271
1851511
1853161
1856421
1856886
1857806
1860356
1861381
1863281
1863661
1864931
1865561
1865821
1868796
1869381
1869631
1870381
1870461
1870541
1870601
1871991
1872471
1873356
1873411
1873981
1875511
1876881
1877481
1879411
1879696
1882701
1883066
1884891
1887851
1890191
1890251
1891011
1891781
1891976
1892811
1894021
1895101
1896436
1896871
1897071
1897471
1899531
189986
1901281
1902771
1904241
1906801
1907261
1907531
1907551
1907671
1910221
1910321
1911046
1914886
1915211
1916791
1917436
1917501
1918291
1919211
1920781
1921171
1922861
1923381
1925446
1925521
1925901
19261
1927301
1927776
1928561
1929646
1930331
1932751
1933751
1934321
1934441
1934941
1936121
1937061
1937221
1937941
1940251
1940701
1942401
1942901
1943631
1943881
1946311
1948816
1949701
1949861
1950561
1950831
1952561
1956921
1957721
1957731
1958271
1959271
1959471
1959591
1960131
1961126
1961241
1961261
1962926
1963016
1964421
1966021
1966041
1966236
1966241
1966621
1966961
1967486
1969431
1970026
1971381
1971631
1971831
1972351
1974171
1978511
1978551
1978681
1979751
1981841
1984351
1984391
1985331
1986451
1988511
1988791
1989421
1991976
1992941
1995181
1995281
1995461
1998261
1999071
2003121
2007551
2009411
2009876
2011571
2012281
2013731
2013821
2016321
2016981
2017121
2017901
2019581
2019991
2020821
2021261
2022251
2022896
2023696
2025621
2027631
2028766
2029196
2029271
2029601
2029961
2029996
2030261
2031051
2032041
2033281
2035221
2035591
2035781
2036841
2039301
2039641
2039671
2043181
2043301
2043391
2044561
2044951
2047356
2047461
2047656
2047711
2047781
2049321
2052191
2055891
2056646
2056871
2058096
2060136
2062661
2062701
2062921
2064371
2068481
2070221
2070701
2071181
2071646
2075451
2076401
2079391
2079981
2080021
2081391
2081941
2083581
2083721
2083781
2085021
2085246
2087271
2087676
2088581
2090261
2093481
2093541
2093871
2094161
2095406
2096361
2096421
2099346
2100271
2100746
2101711
2105541
2105606
2105621
21061
2106421
2107131
2107781
2110221
2111301
2113131
2115506
2115681
2116026
2116931
2116936
2117201
2117761
2118351
2118501
2119191
2123016
2124571
2126401
2126601
2127321
2127846
2129161
2130381
2133256
2135306
2135601
2136201
2139916
2140551
2143361
2143661
2144401
2147321
2149126
2149381
2149621
2149971
2150581
2150656
2150716
2151761
2151841
2151901
2152451
2153111
2154406
2155796
2157421
2158001
2158121
2158381
2159521
2162241
2162261
2162601
2166601
2167101
2170856
2171696
2171941
2173541
2173561
2174031
2175371
2179161
2179526
2180261
2182486
2184386
2186181
2187401
2189351
2191351
2192041
2193356
2193586
2195366
2195616
2197491
2198946
2200201
2203801
2206716
2207041
22078
2207821
2207881
2207906
2210911
2214591
2214981
2215411
2217941
2220181
2220186
2222806
2222921
2223426
2233921
2236441
2238301
2238601
2238891
2241401
2241801
2243101
2244281
2244926
2245876
2246381
2246826
2247146
2252736
2254491
2254516
2256541
2257461
2260131
2260156
2260596
2261891
2262751
2263141
2264631
2267276
2267891
2270186
2271611
2272166
2275421
2275841
2282566
2284496
2284856
2288926
2289206
22897
2291721
2291786
2292661
2295181
2299901
2300246
2302901
2303221
2305766
2306351
2313741
2314906
2315001
2324381
2326601
2326766
2327546
2328041
2329971
2331736
2332861
2334601
2335321
2335791
2337496
2337736
2339876
2340841
2345561
2347641
2347771
2347961
2349926
2350236
2350556
2351646
2352561
2354321
2359001
2360681
2362101
2363261
2366961
2370961
2372211
2372371
2375901
2376606
2377181
2384141
2385956
2386181
2387761
23886
2391251
2391921
2392761
2393601
2394221
2396901
2397861
2400456
2401121
2402241
2403521
2404136
2406121
2409461
2414001
2414291
2414781
2415641
2416311
2417671
2422801
2423501
2423826
2424031
2428586
2430111
2430961
2431601
2433451
2437801
2438206
2439321
2440341
2444801
2445486
2445571
2447761
2448076
2448651
2450906
2451501
2457606
2458526
2458661
2460371
2460761
2462661
2464111
2464136
2466081
2468191
2473801
2475091
2476501
2477531
2478161
2484071
2484381
2485201
2486671
248826
2491261
2491291
2491616
2494081
2495111
2495361
2495866
2496321
2498451
2499381
2500711
2501426
2501666
2502736
2507251
2507691
2508016
2508341
2509121
2513521
2513761
2514191
2514901
2514931
2517476
2519136
2520531
2521951
2523476
2523486
2525106
2525181
2525881
2526781
2526811
2526881
2527236
2528696
2530621
2535161
2536251
2536616
2537301
2538456
2540281
2546481
2547331
2548851
2549166
2552816
2553641
2558681
2562336
2573201
2574461
2574681
2575566
2578261
2579421
2580601
2581551
2581681
2582236
2586181
2587816
2589221
2593001
2593091
2593891
2601741
2601891
2602291
2602901
2603256
2603741
2604481
2604876
2611556
2612091
2617206
2618001
2618976
2620881
2625756
2626176
2626291
2629321
2629786
2629901
2633161
2634171
2635986
2636121
2637281
2644681
2644921
2648191
2651121
2651681
2651771
26539
2655346
2655621
2657561
2659181
2661816
2663141
2668001
2668306
2669341
2671981
2672261
2674401
2676061
2676521
2684221
2688716
2689371
2690701
2691246
2693391
2694006
2697661
2698376
2699226
2699906
2700161
2701261
2701381
2701436
2702931
2703721
2707721
2709456
2711041
2711061
2714096
2714481
2714921
2718066
2722751
2726521
2726611
2732641
2735091
2744561
2747801
2748981
2750981
2757701
2759221
2761166
2765041
2766781
2767341
2767371
2769521
2770701
2774801
2781101
2782761
2786661
2788541
2790001
2791141
2791871
2793031
2793931
2804021
2804936
2806231
2806951
2810341
2811361
2811586
2812901
2812921
2815101
2817921
2819666
2821566
2824961
2830121
2833871
2835761
2836541
2842021
2844296
2848151
2848261
2849781
2859856
2860921
2862306
2863861
2865356
2866081
2867956
2869101
2871166
2872736
2877861
2881241
2883321
2885801
2886201
2893361
2895001
2896361
2896721
2897041
2902641
2902701
2903621
2903761
2909181
2911841
2912241
2912881
2913001
2922661
2927721
2927781
2927861
2931721
2933241
2933601
2934501
2941641
2943221
2944541
2949261
2952181
2953781
2954321
2954581
2960841
2968021
2969481
2972601
2973441
2974001
2977181
2977621
2979101
2979521
2982321
2983061
2983881
2994941
2999301
3001781
3001801
3001821
3009401
3010521
3012201
3020181
3021081
3021841
3022141
3024241
3026341
3031021
3031901
3042581
3042781
3045661
3045761
3046261
3051901
3052161
3055061
3056381
3057641
3070561
3072661
3076581
3082861
3083621
3090181
3095361
3101101
3103961
3112141
3118721
3120061
3124381
3126701
3128021
3129121
3131361
3133881
3133901
3134521
3140341
3140841
3142201
3144921
3149641
3151681
315241
3158721
3161021
3164221
3164241
3164261
3164301
3164421
3165461
3165941
3168521
3170401
3170601
3176721
3177421
3178801
3181881
3183601
3186021
3187861
3192261
3194061
3203921
3204201
3207601
3209181
3216701
3221401
3225041
322541
3226521
3227421
3232381
3234241
3236281
3236661
3242801
3243081
3244321
3248981
3262441
3262501
3263021
3264321
3265121
3265161
3275721
3275801
3284441
3286241
3287301
3288701
329081
3294641
3297301
3299421
3300841
3301201
3311081
3313561
3323841
3330581
3331221
3336441
3337461
3338121
3345861
3346921
3355601
3356241
3366541
3372841
3374841
3377201
3381301
3383021
3388061
3388561
3389721
3398201
3399581
3413541
3414641
3415161
3428441
3429501
3438341
3438621
3448281
3461801
3468841
3469121
3472381
3475601
3484821
3485821
3487421
3489301
3490401
3494701
3499141
3501701
3506021
3507301
3510321
3532081
3534081
3539561
3542681
3544241
3566361
3566621
3573801
3577061
3579201
3579501
3581041
3581541
3599841
3601721
3603841
3611621
3613021
3613481
3621601
3625401
3634701
3636981
3637561
364061
3641821
3647401
3649821
3657041
3663041
3664261
3672501
3678701
3678741
3679241
3694981
3695661
3696081
3697401
3698061
3703821
3705721
3710181
3718061
3722361
3731221
3735081
3744221
3744841
3753921
3758081
3759101
3762181
377081
3775281
3780941
3790461
3800401
3806021
3806461
3807121
3809681
3818401
3824601
3834401
3835601
3836521
3838781
3838941
3842761
3848081
3851201
3856901
3858981
3874421
3878261
3884741
3886321
3890421
3896181
3896741
3897261
3904461
3910381
3910841
3922281
3923321
3923361
3928621
3931961
3945961
3958941
3963461
3964441
3965721
3973181
3974301
3974861
3980181
3984521
3988161
3996361
4005601
4008181
401061
4016001
401741
4018981
4021141
4021261
4022461
4029021
4049661
4055621
4055961
4062441
4066161
406741
4073981
4081181
4083201
4084381
4094541
4098721
4099201
4101041
4102901
4108021
4108701
4109121
4109181
4110861
4116681
4133221
4133921
4141841
4145221
4145381
4151661
4155841
4162781
4166901
4173081
4176721
4181661
4185061
4188541
4189361
4190981
4194841
4195621
4201041
4215521
4227481
4229601
4236941
4238101
4242521
4248141
4250301
4251921
4262101
4268241
4268621
4272901
4276781
4286621
4288601
4302561
4306021
4306141
4306441
4306521
4306561
4306661
4307041
4307301
4307481
4307521
4308441
4316901
4327881
4328821
4331721
4351521
4356381
4373941
43741
437921
4389261
4389501
4394221
4401481
4404241
4419341
4422361
4423821
4426341
4440901
4441021
4441101
4442361
4445361
4457241
4460581
4461401
4463941
4464041
4466641
4477721
4493921
4497301
4498901
4510481
4523801
4539581
4541981
4549281
4555441
455981
456621
4569541
4573761
4586261
4587301
458901
4590901
4602801
4602861
4605201
4614621
4620401
4624801
4632641
4649021
4654221
4666921
4680861
4686241
477621
480161
480301
489041
49980
501901
5075610
5075801
5076390
5080030
5080421
5081050
5082500
5083430
5083900
5085750
5088190
5090280
5092120
5097281
5099881
5103220
5103230
5104740
5110961
5111210
5116441
5119500
5120721
5126520
5127381
5128561
5129021
5129700
5132440
5132540
5134960
5138590
5139810
5140541
5141520
5141730
5144440
5144750
5144860
5152001
5155321
5159721
5160121
5160290
5160741
516221
5162680
5163310
516361
5164710
5164790
5166360
5167910
5169481
5172321
5172810
5174281
5174980
5176381
5176801
5177770
5179690
5180650
5181421
5182510
5183521
5183990
5184841
5187050
5187260
5191681
5191860
5192161
5193620
5193630
5193720
5193800
5195530
5196040
5199061
5200220
5200740
5202701
520281
5206160
5206840
5207660
5209421
5209930
5210741
5213361
5213501
5215381
5215421
5217050
5218190
5218680
5221670
5223121
5224930
5227780
5227850
5229240
5229960
5232121
5232161
5233190
5241750
5241790
5242410
5242500
5244350
5245221
5245660
5246330
5247980
5248910
5250021
5251361
5251520
5252501
5253230
5253700
5254690
5257150
5259400
5266580
5266930
5267741
5269314
5269920
5269930
5270854
5271320
5274000
5274160
5274910
5277681
5278290
5278541
5280340
5281240
5283370
5288391
5289270
5289541
5290021
5292620
5294021
5294080
5295850
5296196
5296540
5297861
5298246
5299480
5300420
5302120
5304010
5304301
5307310
5308780
5309048
5309280
5313390
5318020
5318590
5319840
5321520
5323340
5324410
5326287
5326313
5327541
5328040
5328410
5329421
5329895
5330541
5331070
5331680
5331961
5333260
5333810
5334200
5335760
5338005
5339101
5344390
5344921
5345041
5345221
5345310
5345750
5347090
5348870
5350780
5351841
5351921
5355683
5355781
5357595
5358140
5359040
5359176
5360041
5363041
5364878
5364881
5364960
5365610
5366880
5366920
5367321
5368070
5368700
5369700
5369760
5369840
5372250
5372911
5374324
5375256
5376680
5378780
5379500
5379880
5380136
5380541
5380870
5381961
5382721
5384520
5389370
5390730
5390980
5391580
539521
5395321
5399995
5400370
5401470
5404041
5404080
5408981
540941
541021
5410661
5410741
5410810
5411710
5411980
5416021
5416240
541641
5416540
5418790
5419970
5422461
5424621
5430130
5430141
5430220
5432120
5441697
5442661
5442680
5444121
5444790
5444890
5448501
5450860
5451140
5451480
5451750
5452121
5452420
5452501
5452901
5453160
5454460
5454741
5455321
5456790
5457541
5458620
5458730
5458761
5462110
5465349
5465882
5467260
5468930
5469570
5470100
5472670
5475180
5477161
5477570
5477724
5477950
5478350
5481445
5483220
5485801
5485941
5487260
5487317
5490921
5491130
5491370
5493460
5495050
5495180
5496498
5498141
5498301
5498540
5499181
5499700
5500020
5501250
5501290
5501300
5502261
5502730
5503770
5504100
5504460
5505890
5507100
5507990
5510363
5511430
5512450
5514090
5514221
5514850
5515510
5518870
5519701
5521800
5523020
5524081
5524154
5524921
5526281
5526621
5528561
5529561
5530250
5530561
5531519
5536630
5537880
5538601
5539384
5539441
5540270
5541858
5541889
5542790
5543290
5546300
5546360
5547940
5548700
5549241
5549516
5551010
5551700
5552250
5552410
5553460
5554001
5554700
5554850
5554961
5559590
5561250
5562580
5563660
5565280
5568800
5569170
5569361
5569440
559346
566141
5668410
5670161
5672460
5674970
5675770
5676255
5677108
5677141
5681321
5681401
5681461
5684090
5684960
5685970
5686920
5689790
5690300
5692101
5692721
5696381
5698009
5700103
5706372
5706700
5707104
5707590
5708150
5711821
5713817
5716001
5718089
5718350
571921
5721110
5721730
5723200
5723430
5723441
5723502
5725290
5725450
5726630
5726841
5727180
5728618
5729301
5729365
5729520
5730161
5730261
5731060
5733970
5735480
5737410
5738941
5742410
5743285
5743740
5744600
5744860
5746440
5746850
5746921
5747401
5747676
5748290
5748430
5748700
5748760
5749260
5750540
5750650
5750781
5751220
5751261
5752980
5753461
5753680
5754470
5754700
5755201
5755241
5755290
5755330
5755690
5755880
5756471
5756910
5757370
5757830
5761330
5761420
5761440
5761740
5761901
5761930
5763521
5763630
576381
5764260
5764601
5765750
5766620
5767181
5769160
5769230
5769868
5770510
5771220
5771541
5772081
5772100
5773941
5774061
5774080
5774461
5774601
5775140
5775301
5776901
5776930
5776990
5777440
5778200
5778250
5778310
5779840
5780200
5780370
5780581
5782221
5782680
5783581
5784041
5784090
5785480
5786121
5786161
5786430
5786440
5786721
5786780
5787050
5787581
5787930
5788061
5788840
5788970
5789021
5789450
5789569
5789570
5789580
5789680
5790301
5790561
5791200
5791210
5791241
5791660
5792101
5792820
5792921
5793480
5793770
5793860
5795200
5795290
5795330
5795510
5795570
5795621
5797224
5797360
5797630
5797640
5797661
5797850
5797960
5798070
5798180
5798301
5798501
5798690
5800140
5800280
5800301
5800440
5800640
5800740
5800841
5800890
5801101
5801340
5801400
5803200
5803210
5803441
5803500
5803521
5803681
5805441
5805670
5806150
5806400
5806520
5806550
5806590
5806790
5806870
5806990
5808341
5808590
5808810
5809361
5809400
5809531
5809621
5809660
5810121
5810170
5810915
5811600
5812170
5814140
5814350
5814421
5814450
5815001
5815410
5816640
5816761
5816941
5817041
5817310
5817430
5817581
5817700
5819010
5819161
5819390
5819600
5819650
5819944
5820350
5822390
5822680
5822750
5823070
5823120
5824720
5828596
582981
5829811
5832890
5833930
5834501
5834661
5835100
5835580
5836380
5836812
5837110
5838921
5839440
5840170
5840818
5842030
5843301
5843714
5844420
5845421
5846302
5847081
5847173
5847450
5847800
5853850
5857461
5858090
5859820
5860678
5863310
5863670
5863739
5866161
5868501
5872918
5873141
5875141
5875761
5876260
5877181
5878368
5880460
5883959
5886020
5889610
5890090
5890181
5890366
5894770
5895340
5895470
5898710
5899110
5900920
5901664
5902221
5904130
5904240
5904540
5905621
5908604
5909179
5910860
5913701
5930580
5932370
5932514
5932710
5933202
5933767
5933941
5935281
5936040
5937960
5938081
5939250
5939350
5939590
5940290
5940530
5940581
5942330
5942342
5943001
5943230
5943341
5944361
5945701
5948680
5948741
5948830
5950450
5950760
5952875
5953160
5953410
5953801
5953880
5954061
5954520
5954561
5954601
5957030
5957081
5959120
5962680
5963300
5965580
5965741
5966481
5966740
5968260
5968400
5968639
5969390
5969550
5969850
5970130
5971810
5972550
5974018
5975481
5976303
5976781
5976910
5977001
5977173
5978468
5978589
5979710
5979821
5983081
5983750
5984363
5984525
5984660
5985820
5986780
5987910
5988450
5988601
5988621
5989469
5990310
5992521
5993890
5994421
5995234
5995281
5995830
5995901
5996300
5996708
6000181
6001470
6002001
6003330
6003430
6004761
6004824
6005081
6005650
6006150
6006401
6007330
6008096
6008441
6009345
6009800
6010370
6011201
6011850
6013501
6013530
6013570
6013721
6013910
6015610
6015635
6015641
6017080
6017781
6017890
6018961
6020621
6021682
6022060
6024180
6025020
6025270
6026080
6027920
6029040
6029340
6029723
6030970
6030981
6031061
6031090
6031587
6032220
6032441
6033804
6034240
6034702
6035930
6040240
6042010
6043990
6046661
6048660
6049300
6049350
6049360
6049441
6050880
6051520
6051785
6051830
6051870
6053130
6053200
6053990
6054141
6054660
6055041
60561
6056261
6056290
6057101
6057177
6057576
6059208
6059830
6060641
6061177
6061715
6062841
6062915
6063340
6063858
6063960
6064500
6064680
6066570
6066910
6067561
6068000
6068141
6068400
6068586
6069061
6069359
6070001
6070470
6070820
6071730
6071830
6072650
6072785
6073350
6074900
6076050
6076220
6078278
6080040
6080720
6080908
6081650
6082830
6083358
6083361
6083620
6083840
6085101
6085675
6086621
6086952
6087661
6088401
6089000
6089200
6089601
6090157
6090340
6092165
6092220
6092301
6093299
6094170
6095220
6095350
6096990
6098421
6099514
6099661
6101510
6101703
6102940
6103449
6103510
6104120
6104740
6105281
6105360
6106110
6106381
6107290
6107730
6107751
6109599
6109660
6110641
6111221
6112501
6113300
6114250
6114661
6114730
6116960
6118161
6118901
6118921
6119660
6120194
6120721
6121640
6122180
6122181
6122400
6122480
6122630
6123501
6125141
6125550
6126570
6131528
6133241
6133760
6134301
6136430
6136961
6137041
6137101
6137141
6137890
6138008
6138414
6138510
6138841
6140641
6141920
6142290
6142341
6142380
6142921
6143481
6146010
6147096
6147641
6148761
6150261
6150620
6153440
6155860
6157520
6157820
6160380
6160670
6160741
6161550
6161840
6163630
6165574
6167161
6167721
6168261
6168610
6168680
6169000
6171580
6171640
6171680
6171870
6172659
6174392
6175960
6176495
6177149
6177790
6178805
6178980
6181900
6182650
6183090
6183841
6184080
6186010
6187050
6187381
6187790
6188600
6189860
6189969
6191214
6192880
6193201
6193730
6194310
6194413
6195730
6197850
61990
6199201
6199409
6200330
6203130
6203974
6204323
6204690
6206380
6206561
6206930
6207580
6208880
6208960
6209590
6210915
6210921
6211080
6211342
6211562
6211958
6212100
6212287
6212520
6212906
6213001
6213041
6214300
6214472
6214721
6214961
6215130
6215794
6216207
6216850
6216961
6218201
6218420
6218920
6221920
6222275
6223350
6223430
6223521
6224770
6225710
6226550
6227290
6227454
6228180
6233801
6233870
6233940
6234041
6234085
6234210
6234360
6234421
6234510
6234540
6235760
6236881
6236900
6236981
6237220
6237710
6237720
6237730
6237860
6239479
6240910
6241680
6241800
6242050
6242296
6243176
6243520
6243781
6243801
6244020
6244433
6245161
6245990
6246410
6246520
6246620
6246621
6246690
6246721
6247070
6247157
6247570
6247581
6247842
6248334
6248610
6248741
6249160
6249181
6249300
6249981
6249996
6250240
6250720
6251021
6251030
6251190
6251720
6252000
6252830
6252861
6253032
6254150
6254790
6255130
6255460
6255500
6255710
6256120
6256440
6256801
6257481
6257670
6258157
6259190
6259320
6259950
6260101
6261248
6261410
6261541
6262020
6262161
6262440
6262470
6262961
6264541
6265150
6265929
6266490
6266748
6267201
6268021
6268200
6268860
6270569
6271221
6271440
6271561
6271580
6271661
6271710
6272161
6272830
6272990
6273210
6273955
6274791
6275720
6276090
6277096
6278361
6278780
6280381
6280421
6282480
6282490
6282981
6283020
6286140
6286450
6286560
6286821
6286954
6286990
6287090
6287600
6288590
6289866
6290101
6290694
6291159
6292350
6292701
6293306
6294236
6294400
6294481
6294692
6294861
6296950
6297180
6297241
6297340
6297904
6298841
6299610
6300320
6300331
6301600
6302702
6302810
6303110
6303130
6303142
6303310
6303427
6307021
6307401
6307841
6308440
6310537
6318897
6319160
6321030
6322310
6322650
6323800
6324334
6327010
6327501
6328437
6331621
6331872
6335790
6336008
6339821
6342030
6347700
6349311
6354550
6354708
6359875
6359941
6360201
6363480
6363593
6367780
6369234
6370481
6373640
6375880
6378781
6381135
6382145
6382470
6385967
6386021
6386230
6388841
6390960
6396385
6398812
6399450
6399721
6404020
64041
6406250
654101
663761
69690
70441
727161
73840
757681
757861
75881
766681
779281
79581
822761
844501
856201
869341
876441
894621
918661
926336
933771
934481
934616
942801
943761
944101
945841
946061
953381
965361
96690
969161
978981
